92045
79985
86307
54010
47469
70266
54188
38123
83536
67132
34182
90859
56605
92472
71882
48381
49755
89705
32139
83474
38040
58934
63827
91463
57321
68312
67591
71285
60430
59590
77799
65670
60625
45456
62269
45733
30263
32210
85010
30029
56368
84317
69933
65792
58920
31283
62444
66612
53130
38327
76393
77972
55865
51860
86959
61860
30990
49678
78756
83100
92246
79391
70444
37787
92039
62325
38621
72397
86591
93769
46672
39445
40058
82567
60058
46210
47433
64103
67581
84634
85743
77810
59513
44932
38927
39762
89106
30219
78541
71822
56733
63290
67314
80489
91280
55050
68392
40809
80141
31169
57307
80102
53465
54661
57256
70336
31047
32861
35780
51265
36191
74811
43020
57805
42022
71729
80084
59275
86300
60625
48704
57004
53364
76567
70981
90646
38656
37080
60870
87146
38957
84722
50064
42781
69290
83380
58308
41369
72582
41273
76941
90925
74355
87659
66975
38922
77534
34240
80403
65570
59862
63793
64694
35871
31174
42110
36409
64862
60468
53297
66244
50518
40721
43285
63035
58800
35872
73494
87977
51324
61280
91098
86021
43843
38545
47324
39637
55185
41335
46287
53291
57725
74743
83842
82751
56058
73722
75648
88708
44849
80515
50567
85286
57085
54504
53882
45506
32073
57122
43660
83138
47713
68611
88819
44182
32502
30576
86430
65823
87703
80143
32255
94755
48217
36418
73513
86467
78712
75219
59395
38583
31168
71521
90510
48435
62287
57642
91624
67320
49589
91404
49014
63290
76894
59103
58494
42818
57435
82736
30446
59516
43987
82896
82638
69447
71902
56516
61258
50482
88712
92530
93366
57760
85043
90680
43449
46706
88505
44607
58823
76739
38833
47692
53335
75173
59593
42359
83681
41207
56675
92976
32866
84107
65174
69507
64478
83169
88063
90615
93263
58256
62157
82720
89651
79996
92052
53910
93505
88080
64839
38573
38390
80531
59368
82105
94248
59041
52266
93917
48477
45257
61527
36903
43402
84098
38518
91450
42720
92026
35686
36506
62227
45541
76056
48136
79604
94880
45357
91926
50944
90559
91949
42733
52629
53558
74626
37903
50017
54312
32205
30579
68145
51565
71339
53462
46388
38050
79843
48954
59807
51732
44389
42007
55323
83502
56560
91465
93967
78334
59456
73966
30488
42627
40631
73206
67455
53616
78108
65102
84019
68924
83961
34653
46188
51041
33563
46872
42008
42590
36789
67239
84681
90196
91581
89672
76601
91513
78257
64148
36603
45487
31729
34427
71094
32696
83833
39006
31303
59500
37302
93927
73197
53627
67348
45539
68593
85741
72379
80856
74603
39422
44777
58107
78480
60463
55076
72976
57827
39786
84085
67767
80682
59578
38578
64971
45976
73562
94961
54763
76062
36700
81152
66077
85184
64516
91046
60235
92208
79203
84719
49529
60309
93636
66866
54999
37917
39607
61383
37211
91770
42397
67164
85184
50159
78873
77390
32444
83921
92313
88722
67499
62939
69743
40956
86508
91322
62929
35551
64991
80038
41509
88729
70483
61502
80204
68368
90223
30648
37011
85164
91591
35359
64779
64779
46082
93702
82361
58206
82499
76089
56775
86050
71762
56610
56203
72503
50324
75847
54967
41585
64868
47586
66499
89967
82553
80817
52059
82335
86154
79758
87056
65925
65150
38381
74715
84332
41548
72100
38405
52470
55723
90509
53043
80718
52657
33753
40857
31866
67268
49757
62836
93361
91581
84785
35519
58863
90339
48119
75321
64272
74093
41818
69810
63575
36028
68005
55438
67516
62602
64532
79197
94242
36161
61406
91673
58751
52606
43637
47972
68870
58339
82120
49967
66735
86106
58092
71348
49119
42608
36231
55934
93658
67352
44847
65574
88460
87673
85018
34243
44357
76067
73020
71424
70143
63744
59814
46756
54717
82761
79759
77701
69879
65838
68593
92425
78138
67099
37236
66641
42739
76484
53330
47475
37691
57023
93063
42432
94842
69511
68794
33722
72791
52581
49846
74300
94579
36196
71331
61997
59338
87478
94174
88212
62346
42488
49410
91375
61293
86017
76275
94205
81815
40929
89399
63905
55064
73399
79423
32080
89142
76436
39645
40100
51376
34988
90715
87303
81076
31096
80048
44453
55419
48801
62918
56078
33590
38011
93660
30483
80507
94812
56591
92206
77187
64821
69237
66686
77768
57676
80600
32181
58605
87628
43176
77788
70111
60672
47529
85438
92948
66517
50915
60721
84553
52691
39665
39782
55078
37722
84448
65078
51126
64730
79103
89062
90021
60532
48167
82365
75171
53448
39339
44445
64718
39400
42786
69042
37483
92490
79254
36858
40408
47893
62650
82187
91913
94139
63995
89750
37856
79493
40961
65037
86996
33158
49446
63468
61492
46827
44914
74167
56639
49166
62412
63476
38355
65952
85720
78364
88551
35269
60857
66443
56639
87930
92070
62198
73339
60623
41827
80973
30140
72875
30824
64950
35611
78618
46588
65969
77933
46533
46501
38873
92668
36629
66520
31373
60894
53480
45151
70693
35745
74060
38113
92895
76601
46239
72805
48990
94118
74778
36284
76205
65875
76968
65063
67132
48548
70127
37617
35963
53762
68774
58545
36433
39859
68182
94652
85882
77179
71533
91318
85070
85029
32601
86895
40667
64132
45581
55594
51272
47687
32200
52423
78663
67068
94985
52291
35135
36317
46013
61646
31420
80460
38495
76496
93316
33174
46115
33606
30517
82396
56315
89161
70925
33595
57667
40300
59104
65654
39314
36928
42026
67730
48013
58766
42121
74476
79769
43572
61367
72302
30063
85665
32621
55201
92857
91039
67778
55563
81855
56900
48368
31345
78788
93349
38289
31536
55733
62501
76988
74676
77727
60262
61857
38639
67842
76987
60818
49813
80685
63550
38717
88394
68463
51715
83454
70171
86648
62769
73654
72725
51729
49157
64590
74709
60061
60341
70606
90614
91597
68063
51329
64222
62943
74655
60775
90214
88698
67366
45770
44463
38603
60431
44982
78152
35170
49531
68203
44172
78164
46723
47626
53777
53991
93415
66184
90089
83737
38135
30410
35191
36029
74271
94602
52893
75771
42040
69474
89031
36031
71098
76175
81559
45339
64372
38951
73577
69427
40756
55120
56190
45522
64362
72017
94695
84805
41265
57892
94340
52788
83969
45722
82935
42630
48992
80579
61731
34465
31829
70682
62397
50879
70524
85828
61567
59599
82287
85209
39761
35127
81602
41365
78209
80461
84922
80971
87690
52147
37423
43062
53322
31148
54789
85338
50186
47845
76581
44941
87586
58766
46981
72636
30296
89204
40956
76023
32665
51553
57876
